At time 1730792570.549110808
- Translation: [0.000, 0.000, 0.000]
- Rotation: in Quaternion [0.000, 0.000, -0.704, 0.710]
- Rotation: in RPY (radian) [0.000, 0.000, -1.563]
- Rotation: in RPY (degree) [0.000, 0.000, -89.576]
- Matrix:
  0.007  1.000  0.000  0.000
 -1.000  0.007 -0.000  0.000
 -0.000  0.000  1.000  0.000
  0.000  0.000  0.000  1.000
At time 1730792571.541292499
- Translation: [0.000, 0.000, 0.000]
- Rotation: in Quaternion [0.000, 0.000, -0.704, 0.710]
- Rotation: in RPY (radian) [0.000, 0.000, -1.563]
- Rotation: in RPY (degree) [0.000, 0.000, -89.576]
- Matrix:
  0.007  1.000  0.000  0.000
 -1.000  0.007 -0.000  0.000
 -0.000  0.000  1.000  0.000
  0.000  0.000  0.000  1.000
At time 1730792572.548801751
- Translation: [0.000, 0.000, 0.000]
- Rotation: in Quaternion [0.000, 0.000, -0.704, 0.710]
- Rotation: in RPY (radian) [0.000, 0.000, -1.563]
- Rotation: in RPY (degree) [0.000, 0.000, -89.576]
- Matrix:
  0.007  1.000  0.000  0.000
 -1.000  0.007 -0.000  0.000
 -0.000  0.000  1.000  0.000
  0.000  0.000  0.000  1.000
At time 1730792573.541106431
- Translation: [0.000, 0.000, 0.000]
- Rotation: in Quaternion [0.000, 0.000, -0.704, 0.710]
- Rotation: in RPY (radian) [0.000, 0.000, -1.563]
- Rotation: in RPY (degree) [0.000, 0.000, -89.576]
- Matrix:
  0.007  1.000  0.000  0.000
 -1.000  0.007 -0.000  0.000
 -0.000  0.000  1.000  0.000
  0.000  0.000  0.000  1.000
At time 1730792574.548313580
- Translation: [0.000, 0.000, 0.000]
- Rotation: in Quaternion [0.000, 0.000, -0.704, 0.710]
- Rotation: in RPY (radian) [0.000, 0.000, -1.563]
- Rotation: in RPY (degree) [0.000, 0.000, -89.576]
- Matrix:
  0.007  1.000  0.000  0.000
 -1.000  0.007 -0.000  0.000
 -0.000  0.000  1.000  0.000
  0.000  0.000  0.000  1.000
At time 1730792575.540948981
- Translation: [0.000, 0.000, 0.000]
- Rotation: in Quaternion [0.000, 0.000, -0.704, 0.710]
- Rotation: in RPY (radian) [0.000, 0.000, -1.563]
- Rotation: in RPY (degree) [0.000, 0.000, -89.576]
- Matrix:
  0.007  1.000  0.000  0.000
 -1.000  0.007 -0.000  0.000
 -0.000  0.000  1.000  0.000
  0.000  0.000  0.000  1.000
At time 1730792576.549090125
- Translation: [0.000, 0.000, 0.000]
- Rotation: in Quaternion [0.000, 0.000, -0.704, 0.710]
- Rotation: in RPY (radian) [0.000, 0.000, -1.563]
- Rotation: in RPY (degree) [0.000, 0.000, -89.576]
- Matrix:
  0.007  1.000  0.000  0.000
 -1.000  0.007 -0.000  0.000
 -0.000  0.000  1.000  0.000
  0.000  0.000  0.000  1.000
At time 1730792577.540338560
- Translation: [0.000, 0.000, 0.000]
- Rotation: in Quaternion [0.000, 0.000, -0.704, 0.710]
- Rotation: in RPY (radian) [0.000, 0.000, -1.563]
- Rotation: in RPY (degree) [0.000, 0.000, -89.576]
- Matrix:
  0.007  1.000  0.000  0.000
 -1.000  0.007 -0.000  0.000
 -0.000  0.000  1.000  0.000
  0.000  0.000  0.000  1.000
At time 1730792578.549031706
- Translation: [0.000, 0.000, 0.000]
- Rotation: in Quaternion [0.000, 0.000, -0.704, 0.710]
- Rotation: in RPY (radian) [0.000, 0.000, -1.563]
- Rotation: in RPY (degree) [0.000, 0.000, -89.576]
- Matrix:
  0.007  1.000  0.000  0.000
 -1.000  0.007 -0.000  0.000
 -0.000  0.000  1.000  0.000
  0.000  0.000  0.000  1.000
At time 1730792579.540934195
- Translation: [0.000, 0.000, 0.000]
- Rotation: in Quaternion [0.000, 0.000, -0.704, 0.710]
- Rotation: in RPY (radian) [0.000, 0.000, -1.563]
- Rotation: in RPY (degree) [0.000, 0.000, -89.576]
- Matrix:
  0.007  1.000  0.000  0.000
 -1.000  0.007 -0.000  0.000
 -0.000  0.000  1.000  0.000
  0.000  0.000  0.000  1.000
At time 1730792580.548413253
- Translation: [0.000, 0.000, 0.000]
- Rotation: in Quaternion [0.000, 0.000, -0.704, 0.710]
- Rotation: in RPY (radian) [0.000, 0.000, -1.563]
- Rotation: in RPY (degree) [0.000, 0.000, -89.576]
- Matrix:
  0.007  1.000  0.000  0.000
 -1.000  0.007 -0.000  0.000
 -0.000  0.000  1.000  0.000
  0.000  0.000  0.000  1.000
At time 1730792581.540609247
- Translation: [0.000, 0.000, 0.000]
- Rotation: in Quaternion [0.000, 0.000, -0.704, 0.710]
- Rotation: in RPY (radian) [0.000, 0.000, -1.563]
- Rotation: in RPY (degree) [0.000, 0.000, -89.576]
- Matrix:
  0.007  1.000  0.000  0.000
 -1.000  0.007 -0.000  0.000
 -0.000  0.000  1.000  0.000
  0.000  0.000  0.000  1.000
At time 1730792582.548974117
- Translation: [0.000, 0.000, 0.000]
- Rotation: in Quaternion [0.000, 0.000, -0.704, 0.710]
- Rotation: in RPY (radian) [0.000, 0.000, -1.563]
- Rotation: in RPY (degree) [0.000, 0.000, -89.576]
- Matrix:
  0.007  1.000  0.000  0.000
 -1.000  0.007 -0.000  0.000
 -0.000  0.000  1.000  0.000
  0.000  0.000  0.000  1.000
At time 1730792583.540658278
- Translation: [0.000, 0.000, 0.000]
- Rotation: in Quaternion [0.000, 0.000, -0.704, 0.710]
- Rotation: in RPY (radian) [0.000, 0.000, -1.563]
- Rotation: in RPY (degree) [0.000, 0.000, -89.576]
- Matrix:
  0.007  1.000  0.000  0.000
 -1.000  0.007 -0.000  0.000
 -0.000  0.000  1.000  0.000
  0.000  0.000  0.000  1.000
At time 1730792584.548254905
- Translation: [0.000, 0.000, 0.000]
- Rotation: in Quaternion [0.000, 0.000, -0.704, 0.710]
- Rotation: in RPY (radian) [0.000, 0.000, -1.563]
- Rotation: in RPY (degree) [0.000, 0.000, -89.576]
- Matrix:
  0.007  1.000  0.000  0.000
 -1.000  0.007 -0.000  0.000
 -0.000  0.000  1.000  0.000
  0.000  0.000  0.000  1.000
At time 1730792585.541095966
- Translation: [0.000, 0.000, 0.000]
- Rotation: in Quaternion [0.000, 0.000, -0.704, 0.710]
- Rotation: in RPY (radian) [0.000, 0.000, -1.563]
- Rotation: in RPY (degree) [0.000, 0.000, -89.576]
- Matrix:
  0.007  1.000  0.000  0.000
 -1.000  0.007 -0.000  0.000
 -0.000  0.000  1.000  0.000
  0.000  0.000  0.000  1.000
At time 1730792586.548192219
- Translation: [0.000, 0.000, 0.000]
- Rotation: in Quaternion [0.000, 0.000, -0.704, 0.710]
- Rotation: in RPY (radian) [0.000, 0.000, -1.563]
- Rotation: in RPY (degree) [0.000, 0.000, -89.576]
- Matrix:
  0.007  1.000  0.000  0.000
 -1.000  0.007 -0.000  0.000
 -0.000  0.000  1.000  0.000
  0.000  0.000  0.000  1.000
At time 1730792587.540033709
- Translation: [0.000, 0.000, 0.000]
- Rotation: in Quaternion [0.000, 0.000, -0.704, 0.710]
- Rotation: in RPY (radian) [0.000, 0.000, -1.563]
- Rotation: in RPY (degree) [0.000, 0.000, -89.576]
- Matrix:
  0.007  1.000  0.000  0.000
 -1.000  0.007 -0.000  0.000
 -0.000  0.000  1.000  0.000
  0.000  0.000  0.000  1.000
At time 1730792588.549093394
- Translation: [0.000, 0.000, 0.000]
- Rotation: in Quaternion [0.000, 0.000, -0.704, 0.710]
- Rotation: in RPY (radian) [0.000, 0.000, -1.563]
- Rotation: in RPY (degree) [0.000, 0.000, -89.576]
- Matrix:
  0.007  1.000  0.000  0.000
 -1.000  0.007 -0.000  0.000
 -0.000  0.000  1.000  0.000
  0.000  0.000  0.000  1.000
At time 1730792589.541063844
- Translation: [0.258, -1.668, 0.000]
- Rotation: in Quaternion [0.000, 0.000, -0.630, 0.777]
- Rotation: in RPY (radian) [0.000, 0.000, -1.363]
- Rotation: in RPY (degree) [0.000, 0.000, -78.111]
- Matrix:
  0.206  0.979  0.000  0.258
 -0.979  0.206 -0.000 -1.668
 -0.000  0.000  1.000  0.000
  0.000  0.000  0.000  1.000
At time 1730792590.548862384
- Translation: [1.461, -0.375, 0.000]
- Rotation: in Quaternion [0.000, 0.000, 0.316, 0.949]
- Rotation: in RPY (radian) [0.000, -0.000, 0.642]
- Rotation: in RPY (degree) [0.000, -0.000, 36.797]
- Matrix:
  0.801 -0.599  0.000  1.461
  0.599  0.801  0.000 -0.375
  0.000  0.000  1.000  0.000
  0.000  0.000  0.000  1.000
At time 1730792591.540187329
- Translation: [0.764, -0.071, 0.000]
- Rotation: in Quaternion [0.000, 0.000, 0.805, 0.594]
- Rotation: in RPY (radian) [0.000, -0.000, 1.870]
- Rotation: in RPY (degree) [0.000, -0.000, 107.137]
- Matrix:
 -0.295 -0.956  0.000  0.764
  0.956 -0.295  0.000 -0.071
  0.000  0.000  1.000  0.000
  0.000  0.000  0.000  1.000
At time 1730792592.548398134
- Translation: [0.030, 1.510, 0.000]
- Rotation: in Quaternion [0.000, 0.000, 0.767, 0.642]
- Rotation: in RPY (radian) [0.000, -0.000, 1.747]
- Rotation: in RPY (degree) [0.000, -0.000, 100.101]
- Matrix:
 -0.175 -0.984  0.000  0.030
  0.984 -0.175  0.000  1.510
  0.000  0.000  1.000  0.000
  0.000  0.000  0.000  1.000
At time 1730792593.540187315
- Translation: [1.415, 0.556, 0.000]
- Rotation: in Quaternion [0.000, 0.000, 0.137, 0.991]
- Rotation: in RPY (radian) [0.000, -0.000, 0.274]
- Rotation: in RPY (degree) [0.000, -0.000, 15.725]
- Matrix:
  0.963 -0.271  0.000  1.415
  0.271  0.963  0.000  0.556
  0.000  0.000  1.000  0.000
  0.000  0.000  0.000  1.000
At time 1730792594.548617889
- Translation: [0.778, 0.138, 0.000]
- Rotation: in Quaternion [0.000, 0.000, -0.050, 0.999]
- Rotation: in RPY (radian) [0.000, 0.000, -0.100]
- Rotation: in RPY (degree) [0.000, 0.000, -5.713]
- Matrix:
  0.995  0.100  0.000  0.778
 -0.100  0.995 -0.000  0.138
 -0.000  0.000  1.000  0.000
  0.000  0.000  0.000  1.000
At time 1730792595.541142107
- Translation: [0.397, 0.034, 0.000]
- Rotation: in Quaternion [0.000, 0.000, -0.308, 0.951]
- Rotation: in RPY (radian) [0.000, 0.000, -0.627]
- Rotation: in RPY (degree) [0.000, 0.000, -35.909]
- Matrix:
  0.810  0.587  0.000  0.397
 -0.587  0.810 -0.000  0.034
 -0.000  0.000  1.000  0.000
  0.000  0.000  0.000  1.000
At time 1730792596.548635360
- Translation: [0.200, 0.008, 0.000]
- Rotation: in Quaternion [0.000, 0.000, -0.758, 0.652]
- Rotation: in RPY (radian) [0.000, 0.000, -1.720]
- Rotation: in RPY (degree) [0.000, 0.000, -98.548]
- Matrix:
 -0.149  0.989  0.000  0.200
 -0.989 -0.149 -0.000  0.008
 -0.000  0.000  1.000  0.000
  0.000  0.000  0.000  1.000
At time 1730792597.541148788
- Translation: [0.100, 0.002, 0.000]
- Rotation: in Quaternion [0.000, 0.000, 0.981, -0.193]
- Rotation: in RPY (radian) [0.000, -0.000, -2.754]
- Rotation: in RPY (degree) [0.000, -0.000, -157.780]
- Matrix:
 -0.926  0.378  0.000  0.100
 -0.378 -0.926  0.000  0.002
  0.000  0.000  1.000  0.000
  0.000  0.000  0.000  1.000
At time 1730792598.548611414
- Translation: [-1.489, -1.231, 0.000]
- Rotation: in Quaternion [0.000, 0.000, 0.937, -0.348]
- Rotation: in RPY (radian) [0.000, -0.000, -2.430]
- Rotation: in RPY (degree) [0.000, -0.000, -139.227]
- Matrix:
 -0.757  0.653  0.000 -1.489
 -0.653 -0.757  0.000 -1.231
  0.000  0.000  1.000  0.000
  0.000  0.000  0.000  1.000
At time 1730792599.540008927
- Translation: [1.765, -0.434, 0.000]
- Rotation: in Quaternion [0.000, 0.000, 0.023, 1.000]
- Rotation: in RPY (radian) [0.000, -0.000, 0.046]
- Rotation: in RPY (degree) [0.000, -0.000, 2.612]
- Matrix:
  0.999 -0.046  0.000  1.765
  0.046  0.999  0.000 -0.434
  0.000  0.000  1.000  0.000
  0.000  0.000  0.000  1.000
At time 1730792600.548610455
- Translation: [0.910, -0.104, 0.000]
- Rotation: in Quaternion [0.000, 0.000, 0.144, 0.990]
- Rotation: in RPY (radian) [0.000, -0.000, 0.289]
- Rotation: in RPY (degree) [0.000, -0.000, 16.561]
- Matrix:
  0.959 -0.285  0.000  0.910
  0.285  0.959  0.000 -0.104
  0.000  0.000  1.000  0.000
  0.000  0.000  0.000  1.000
At time 1730792601.540222232
- Translation: [0.456, -0.025, 0.000]
- Rotation: in Quaternion [0.000, 0.000, 0.201, 0.980]
- Rotation: in RPY (radian) [0.000, -0.000, 0.404]
- Rotation: in RPY (degree) [0.000, -0.000, 23.156]
- Matrix:
  0.919 -0.393  0.000  0.456
  0.393  0.919  0.000 -0.025
  0.000  0.000  1.000  0.000
  0.000  0.000  0.000  1.000
At time 1730792602.548325021
- Translation: [0.226, -0.006, 0.000]
- Rotation: in Quaternion [0.000, 0.000, 0.228, 0.974]
- Rotation: in RPY (radian) [0.000, -0.000, 0.460]
- Rotation: in RPY (degree) [0.000, -0.000, 26.339]
- Matrix:
  0.896 -0.444  0.000  0.226
  0.444  0.896  0.000 -0.006
  0.000  0.000  1.000  0.000
  0.000  0.000  0.000  1.000
At time 1730792603.540291389
- Translation: [0.112, -0.001, 0.000]
- Rotation: in Quaternion [0.000, 0.000, 0.241, 0.971]
- Rotation: in RPY (radian) [0.000, -0.000, 0.487]
- Rotation: in RPY (degree) [0.000, -0.000, 27.886]
- Matrix:
  0.884 -0.468  0.000  0.112
  0.468  0.884  0.000 -0.001
  0.000  0.000  1.000  0.000
  0.000  0.000  0.000  1.000
At time 1730792604.548854448
- Translation: [0.056, -0.000, 0.000]
- Rotation: in Quaternion [0.000, 0.000, 0.247, 0.969]
- Rotation: in RPY (radian) [0.000, -0.000, 0.500]
- Rotation: in RPY (degree) [0.000, -0.000, 28.640]
- Matrix:
  0.878 -0.479  0.000  0.056
  0.479  0.878  0.000 -0.000
  0.000  0.000  1.000  0.000
  0.000  0.000  0.000  1.000
At time 1730792605.540688852
- Translation: [0.028, -0.000, 0.000]
- Rotation: in Quaternion [0.000, 0.000, 0.250, 0.968]
- Rotation: in RPY (radian) [0.000, -0.000, 0.506]
- Rotation: in RPY (degree) [0.000, -0.000, 29.007]
- Matrix:
  0.875 -0.485  0.000  0.028
  0.485  0.875  0.000 -0.000
  0.000  0.000  1.000  0.000
  0.000  0.000  0.000  1.000
At time 1730792606.548329274
- Translation: [0.014, -0.000, 0.000]
- Rotation: in Quaternion [0.000, 0.000, 0.252, 0.968]
- Rotation: in RPY (radian) [0.000, -0.000, 0.509]
- Rotation: in RPY (degree) [0.000, -0.000, 29.186]
- Matrix:
  0.873 -0.488  0.000  0.014
  0.488  0.873  0.000 -0.000
  0.000  0.000  1.000  0.000
  0.000  0.000  0.000  1.000
At time 1730792607.540638343
- Translation: [0.007, -0.000, 0.000]
- Rotation: in Quaternion [0.000, 0.000, 0.253, 0.968]
- Rotation: in RPY (radian) [0.000, -0.000, 0.511]
- Rotation: in RPY (degree) [0.000, -0.000, 29.273]
- Matrix:
  0.872 -0.489  0.000  0.007
  0.489  0.872  0.000 -0.000
  0.000  0.000  1.000  0.000
  0.000  0.000  0.000  1.000
At time 1730792608.548692243
- Translation: [0.003, -0.000, 0.000]
- Rotation: in Quaternion [0.000, 0.000, 0.253, 0.967]
- Rotation: in RPY (radian) [0.000, -0.000, 0.512]
- Rotation: in RPY (degree) [0.000, -0.000, 29.319]
- Matrix:
  0.872 -0.490  0.000  0.003
  0.490  0.872  0.000 -0.000
  0.000  0.000  1.000  0.000
  0.000  0.000  0.000  1.000
